4294967294,0
4294967278,231
4294967278,129
4294967278,128
4294967278,282
4294967278,127
4294967278,126
4294967278,356
4294967278,125
4294967278,341
4294967278,124
4294967278,123
4294967278,122
4294967278,121
4294967278,120
4294967278,119
4294967278,239
4294967278,118
4294967278,259
4294967278,117
4294967278,300
4294967278,116
4294967278,344
4294967278,115
4294967278,114
4294967278,275
4294967278,113
4294967278,112
4294967278,111
4294967278,297
4294967278,110
4294967278,109
4294967278,108
4294967278,174
4294967278,434
4294967278,107
4294967278,106
4294967278,364
4294967278,105
4294967278,290
4294967278,104
4294967278,103
4294967278,363
4294967278,102
4294967278,101
4294967278,100
4294967278,99
4294967278,98
4294967278,369
4294967278,97
4294967278,96
4294967278,95
4294967278,94
4294967278,93
4294967278,437
4294967278,92
4294967278,340
4294967278,91
4294967278,414
4294967278,90
4294967278,89
4294967278,235
4294967278,87
4294967278,413
4294967278,86
4294967278,85
4294967278,84
4294967278,359
4294967278,83
4294967278,82
4294967278,81
4294967278,328
4294967278,80
4294967278,339
4294967278,79
4294967278,78
4294967278,379
4294967278,77
4294967278,76
4294967278,75
4294967278,294
4294967278,74
4294967278,73
4294967278,266
4294967278,72
4294967278,71
4294967278,70
4294967278,69
4294967278,68
4294967278,263
4294967278,67
4294967278,66
4294967278,255
4294967278,65
4294967278,418
4294967278,64
4294967278,63
4294967278,62
4294967278,0
4294967278,348
4294967279,83
4294967279,295
4294967279,78
4294967279,286
4294967279,77
4294967279,376
4294967279,72
4294967279,70
4294967279,69
4294967279,64
4294967279,534
4294967279,61
4294967279,575
4294967279,59
4294967279,325
4294967279,54
4294967279,52
4294967279,51
4294967279,50
4294967279,532
4294967279,48
4294967279,526
4294967279,45
4294967279,42
4294967279,542
4294967279,312
4294967279,535
4294967279,38
4294967279,36
4294967279,548
4294967279,174
4294967279,323
4294967279,30
4294967279,353
4294967279,28
4294967279,27
4294967279,25
4294967279,307
4294967279,20
4294967279,17
4294967279,573
4294967279,13
4294967279,547
4294967279,324
4294967279,522
4294967279,297
4294967279,8
4294967279,7
4294967279,6
4294967279,5
4294967279,301
4294967279,344
4294967279,4
4294967278,132
4294967278,217
4294967279,343
4294967278,131
4294967278,241
0,5
4294967294,7
4294967278,130
4294967278,284
4294967294,5
4294967279,342
4294967278,305
4294967294,1016
4294967279,341
4294967279,296
4294967278,303
3189,6
3189,5
3189,4
3189,3
3189,2
3189,1
4294967278,302
4294967279,340
3188,5
3188,4
3188,3
3188,2
3188,1
4294967279,269
4294967279,337
4294967279,336
3187,6
3187,5
3187,4
3187,3
3187,2
3187,1
4294967278,301
4294967279,375
3184,6
3184,5
3184,4
3184,3
3184,2
3184,1
4294967279,335
3181,7
4294967279,333
4294967279,339
3181,6
3181,5
3181,4
3181,3
3181,2
3181,1
4294967279,364
4294967278,435
4294967278,286
4294967294,491
4294967279,328
3175,6
3175,5
3175,4
3175,3
3175,2
3175,1
4294967279,327
4294967279,377
4294967294,1422
4294967278,283
3172,4
3172,3
3172,2
3172,1
3171,6
3171,5
3171,4
3171,3
3171,2
3171,1
3170,5
3170,4
3170,3
3170,2
3170,1
4294967294,490
4294967278,279
4294967294,489
3168,5
3168,4
3168,3
3168,2
3168,1
3166,4
3166,3
3166,2
3166,1
4294967294,1003
4294967279,564
4294967278,256
4294967279,558
4294967279,326
4294967293,131
4294967293,130
4294967293,129
4294967293,128
4294967293,127
4294967293,126
4294967293,125
4294967293,124
4294967293,123
4294967293,122
4294967293,121
4294967293,120
4294967293,119
4294967293,118
4294967293,117
4294967293,116
4294967293,115
4294967293,114
4294967293,113
4294967293,112
4294967293,111
4294967293,110
4294967293,109
4294967293,108
4294967293,107
4294967293,106
4294967293,105
4294967293,104
4294967293,103
4294967293,102
4294967293,101
4294967293,100
4294967293,99
4294967293,98
4294967293,97
4294967293,96
4294967293,95
4294967293,94
4294967293,93
4294967293,92
4294967293,91
4294967293,90
4294967293,89
4294967293,88
4294967293,87
4294967293,86
4294967293,85
4294967293,84
4294967293,83
4294967293,82
4294967293,81
4294967293,80
4294967293,79
4294967293,78
4294967293,77
4294967293,76
4294967293,75
4294967293,74
4294967293,73
4294967293,72
4294967293,71
4294967293,70
4294967293,69
4294967293,68
4294967293,67
4294967293,66
4294967293,65
4294967293,64
4294967293,63
4294967293,62
4294967293,61
4294967293,60
4294967293,59
4294967293,58
4294967293,57
4294967293,56
4294967293,55
4294967293,54
4294967293,53
4294967293,52
4294967293,51
4294967293,50
4294967293,49
4294967293,48
4294967293,47
